Кононов Яков Богданович 3 29 6 2020 10 7 2020
Архипов Богдан Платонович 3 29 6 2020 10 7 2020
Зыков Илларион Григорьевич 4 30 6 2020 3 7 2020
Фёдоров Родион Евгеньевич 5 25 6 2020 9 7 2020
Фадеев Трофим Борисович 7 1 7 2020 2 7 2020
Исаев Оскар Петрович 7 25 6 2020 5 7 2020
Блинов Михаил Евгеньевич 9 29 6 2020 2 7 2020
Трофимов Виталий Иванович 10 28 6 2020 3 7 2020
Елисеев Виталий Максимович 11 30 6 2020 30 7 2020
Потапов Степан Брониславович 16 26 6 2020 6 7 2020
Сусаренко Валерий Иванович 17 1 2 2020 2 7 2020
Веселов Юрий Анатолиевич 18 25 6 2020 7 7 2020
Сердюк Олег Григорьевич 19 23 6 2020 10 7 2020
Тимофеев Ефрем Анатолиевич 22 29 6 2020 9 7 2020
Рожкова Таисия Григорьевна 22 29 6 2020 9 7 2020
Соловьёва Лада Ярославовна 22 29 6 2020 9 7 2020
Федункив Ульяна Валериевна 24 30 6 2020 5 7 2020
Шилова Галина Петровна 24 30 6 2020 5 7 2020
Евдокимова Алла Викторовна 28 26 6 2020 2 7 2020
Червона Евгения Эдуардовна 28 15 6 2020 3 7 2020
Романова Тамара Анатолиевна 29 30 6 2020 10 7 2020
Палий София Валериевна 26 27 6 2020 2 7 2020